b =3.5066e-06;


J = 3.2284e-06;


K = 0.0274;


L = 2.7500e-06;


R = 4;